January 6 1 2009

January 6 2 2009

January 6 3 2009

January 6 4 2009

January 6 5 2009

January 6 6 2009

January 6 7 2009

January 6 8 2009

January 6 9 2009

January 6 10 2009

January 6 11 2009

January 6 12 2009

January 6 13 2009

January 6 14 2009

January 6 15 2009

January 6 16 2009

January 6 17 2009

January 6 18 2009

January 6 19 2009

January 6 20 2009

January 6 21 2009

January 6 22 2009

January 6 23 2009

January 6 24 2009

January 6 25 2009

January 6 26 2009

January 6 27 2009

January 6 28 2009

January 6 29 2009

January 6 30 2009

January 6 31 2009

January 6 32 2009

January 13 33 2009

January 13 34 2009

January 13 35 2009

January 13 36 2009

January 13 37 2009

January 13 38 2009

January 13 39 2009

January 13 40 2009

January 13 41 2009

January 13 42 2009

January 13 43 2009

January 13 44 2009

January 13 45 2009

January 13 46 2009

January 13 47 2009

January 13 48 2009

January 13 49 2009

January 13 50 2009

January 13 51 2009

January 13 52 2009

January 13 53 2009

January 13 54 2009

January 13 55 2009

January 13 56 2009

January 13 57 2009

January 13 58 2009

January 13 59 2009

January 13 60 2009

January 13 61 2009

January 13 62 2009

January 13 63 2009

January 13 64 2009

January 13 65 2009

January 13 66 2009

January 13 67 2009

January 13 68 2009

January 13 69 2009

January 13 70 2009

January 13 71 2009

January 13 72 2009

January 13 73 2009

January 13 74 2009

January 13 75 2009

January 13 76 2009

January 13 77 2009

January 13 78 2009

January 13 79 2009

January 13 80 2009

January 13 81 2009

January 13 82 2009

January 13 83 2009

January 13 84 2009

January 23 85 2009

January 23 86 2009

January 23 87 2009

January 23 88 2009

January 23 89 2009

January 23 90 2009

January 23 91 2009

January 23 92 2009

January 23 93 2009

January 23 94 2009

January 23 95 2009

January 23 96 2009

January 23 97 2009

January 23 98 2009

January 23 100 2009

January 23 101 2009

January 23 102 2009

January 23 103 2009

January 23 104 2009

January 23 105 2009

January 23 106 2009

January 23 107 2009

January 23 108 2009

January 23 109 2009

January 23 110 2009

January 23 111 2009

January 23 112 2009

January 23 113 2009

January 23 114 2009

January 23 115 2009

January 23 116 2009

January 23 117 2009

January 23 118 2009

January 23 119 2009

January 23 120 2009

January 23 121 2009

January 23 122 2009

January 23 123 2009

January 23 124 2009

January 23 125 2009

January 23 126 2009

January 23 127 2009

January 23 128 2009

January 23 129 2009

January 23 130 2009

January 23 131 2009

January 23 132 2009

January 23 133 2009

January 23 134 2009

January 23 135 2009

January 23 136 2009

January 23 137 2009

January 23 138 2009

January 23 139 2009

January 23 140 2009

January 23 141 2009

January 23 142 2009

January 23 143 2009

January 23 144 2009

January 27 145 2009

January 27 146 2009

January 27 147 2009

January 27 148 2009

January 27 149 2009

January 27 150 2009

January 27 151 2009

January 27 152 2009

January 27 153 2009

January 27 154 2009

January 27 155 2009

January 27 156 2009

January 27 157 2009

January 27 158 2009

January 27 159 2009

January 27 160 2009

January 27 161 2009

January 27 162 2009

January 27 163 2009

January 27 164 2009

January 27 165 2009

January 27 166 2009

January 27 167 2009

January 27 168 2009

January 29 169 2009

January 29 170 2009

February 3 171 2009

February 3 172 2009

February 3 173 2009

February 3 174 2009

February 3 175 2009

February 3 176 2009

February 3 177 2009

February 3 178 2009

February 3 179 2009

February 3 180 2009

February 3 181 2009

February 3 182 2009

February 3 183 2009

February 3 184 2009

February 3 185 2009

February 3 186 2009

February 3 187 2009

February 3 188 2009

February 3 189 2009

February 3 190 2009

February 3 191 2009

February 3 192 2009

February 3 193 2009

February 3 194 2009

February 3 195 2009

February 3 196 2009

February 3 197 2009

February 3 198 2009

February 3 199 2009

February 3 200 2009

February 3 201 2009

February 3 202 2009

February 3 203 2009

February 3 204 2009

February 3 205 2009

February 3 206 2009

February 3 207 2009

February 3 208 2009

February 3 209 2009

February 3 210 2009

February 3 211 2009

February 3 212 2009

February 3 213 2009

February 3 214 2009

February 3 215 2009

February 3 216 2009

February 3 217 2009

February 3 218 2009

February 3 219 2009

February 3 220 2009

February 3 221 2009

February 3 222 2009

February 3 223 2009

February 3 224 2009

February 10 225 2009

February 10 226 2009

February 10 227 2009

February 10 228 2009

February 10 229 2009

February 10 230 2009

February 10 231 2009

February 10 232 2009

February 10 233 2009

February 10 234 2009

February 10 235 2009

February 10 236 2009

February 10 237 2009

February 10 238 2009

February 10 239 2009

February 10 240 2009

February 10 241 2009

February 10 242 2009

February 10 243 2009

February 10 244 2009

February 10 245 2009

February 10 246 2009

February 10 247 2009

February 10 248 2009

February 10 249 2009

February 10 250 2009

February 10 251 2009

February 10 252 2009

February 10 253 2009

February 10 254 2009

February 10 255 2009

February 10 256 2009

February 10 257 2009

February 10 258 2009

February 10 259 2009

February 10 260 2009

February 10 261 2009

February 10 262 2009

February 10 263 2009

February 10 264 2009

February 10 265 2009

February 10 266 2009

February 10 267 2009

February 10 268 2009

February 10 269 2009

February 10 270 2009

February 10 271 2009

February 10 272 2009

February 10 273 2009

February 10 274 2009

February 10 275 2009

February 10 276 2009

February 10 277 2009

February 10 278 2009

February 10 279 2009

February 10 280 2009

February 10 281 2009

February 10 282 2009

February 10 283 2009

February 10 284 2009

February 10 285 2009

February 10 286 2009

February 10 287 2009

February 10 288 2009

February 17 289 2009

February 17 290 2009

February 17 291 2009

February 17 292 2009

February 17 293 2009

February 17 294 2009

February 17 295 2009

February 17 296 2009

February 17 297 2009

February 17 298 2009

February 17 299 2009

February 17 300 2009

February 17 301 2009

February 17 302 2009

February 17 303 2009

February 17 304 2009

February 17 305 2009

February 17 306 2009

February 17 307 2009

February 17 308 2009

February 17 309 2009

February 17 310 2009

February 17 311 2009

February 17 312 2009

February 17 313 2009

February 17 314 2009

February 17 315 2009

February 17 316 2009

February 17 317 2009

February 17 318 2009

February 17 319 2009

February 17 320 2009

February 17 321 2009

February 17 322 2009

February 17 323 2009

February 17 324 2009

February 17 325 2009

February 17 326 2009

February 17 327 2009

February 17 328 2009

February 17 329 2009

February 17 330 2009

February 17 331 2009

February 17 332 2009

February 17 333 2009

February 17 334 2009

February 17 335 2009

February 17 336 2009

February 17 337 2009

February 17 338 2009

February 17 339 2009

February 17 340 2009

February 17 341 2009

February 17 342 2009

February 17 343 2009

February 17 344 2009

February 17 345 2009

February 17 346 2009

February 17 347 2009

February 17 348 2009

February 17 349 2009

February 17 350 2009

February 17 351 2009

February 17 352 2009

February 17 353 2009

February 17 354 2009

February 17 355 2009

February 17 356 2009

February 17 357 2009

February 17 358 2009

February 17 359 2009

February 17 360 2009

February 17 361 2009

February 17 362 2009

February 17 363 2009

February 17 364 2009

February 17 365 2009

February 17 366 2009

February 17 367 2009

February 17 368 2009

February 17 369 2009

February 17 370 2009

February 17 371 2009

February 17 372 2009

February 24 373 2009

February 24 374 2009

February 24 375 2009

February 24 376 2009

February 24 377 2009

February 24 378 2009

February 24 379 2009

February 24 380 2009

February 24 381 2009

February 24 382 2009

February 24 383 2009

February 24 384 2009

February 24 385 2009

February 24 386 2009

February 24 387 2009

February 24 388 2009

February 24 389 2009

February 24 390 2009

February 24 391 2009

February 24 392 2009

February 24 393 2009

February 24 394 2009

February 24 395 2009

February 24 396 2009

February 24 397 2009

February 24 398 2009

February 24 399 2009

February 24 400 2009

February 24 401 2009

February 24 402 2009

February 24 403 2009

February 24 404 2009

February 24 405 2009

February 24 406 2009

February 24 407 2009

February 24 408 2009

February 24 409 2009

February 24 410 2009

February 24 411 2009

February 24 412 2009

February 24 413 2009

February 24 414 2009

February 24 415 2009

February 24 416 2009

February 24 417 2009

February 24 418 2009

February 24 419 2009

February 24 420 2009

February 24 421 2009

February 24 422 2009

February 24 423 2009

February 24 424 2009

February 24 425 2009

February 24 426 2009

February 24 427 2009

February 24 428 2009

February 24 429 2009

February 24 430 2009

February 24 431 2009

February 24 432 2009

February 24 433 2009

February 24 434 2009

February 24 435 2009

February 24 436 2009

February 24 437 2009

February 24 438 2009

February 24 439 2009

February 24 440 2009

February 24 441 2009

February 24 442 2009

February 24 443 2009

February 24 444 2009

February 24 445 2009

February 24 446 2009

February 24 447 2009

February 24 448 2009

March 3 449 2009

March 3 450 2009

March 3 451 2009

March 3 452 2009

March 3 453 2009

March 3 454 2009

March 3 455 2009

March 3 456 2009

March 3 457 2009

March 3 458 2009

March 3 459 2009

March 3 460 2009

March 3 461 2009

March 3 462 2009

March 3 463 2009

March 3 464 2009

March 3 465 2009

March 3 466 2009

March 3 467 2009

March 3 468 2009

March 3 469 2009

March 3 470 2009

March 3 471 2009

March 3 472 2009

March 3 473 2009

March 3 474 2009

March 3 475 2009

March 3 476 2009

March 3 477 2009

March 3 478 2009

March 3 479 2009

March 3 480 2009

March 3 481 2009

March 3 482 2009

March 3 483 2009

March 3 484 2009

March 3 485 2009

March 3 486 2009

March 3 487 2009

March 3 488 2009

March 3 489 2009

March 3 490 2009

March 3 491 2009

March 3 492 2009

March 3 493 2009

March 3 494 2009

March 3 495 2009

March 3 496 2009

March 3 497 2009

March 3 498 2009

March 3 499 2009

March 3 500 2009

March 3 501 2009

March 3 502 2009

March 3 503 2009

March 3 504 2009

March 3 505 2009

March 3 506 2009

March 3 507 2009

March 3 508 2009

March 3 509 2009

March 3 510 2009

March 3 511 2009

March 3 512 2009

March 3 513 2009

March 3 514 2009

March 3 515 2009

March 3 516 2009

March 5 517 2009

March 9 518 2009

March 10 519 2009

March 10 520 2009

March 10 521 2009

March 10 522 2009

March 10 523 2009

March 10 524 2009

March 10 525 2009

March 10 526 2009

March 10 527 2009

March 10 528 2009

March 10 529 2009

March 10 530 2009

March 10 531 2009

March 10 532 2009

March 10 533 2009

March 10 534 2009

March 10 535 2009

March 10 536 2009

March 10 537 2009

March 10 538 2009

March 10 539 2009

March 10 540 2009

March 10 541 2009

March 10 542 2009

March 10 543 2009

March 10 544 2009

March 10 545 2009

March 10 546 2009

March 10 547 2009

March 10 548 2009

March 10 549 2009

March 10 550 2009

March 10 551 2009

March 10 552 2009

March 10 553 2009

March 10 554 2009

March 10 555 2009

March 10 556 2009

March 10 557 2009

March 10 558 2009

March 10 559 2009

March 10 560 2009

March 10 561 2009

March 10 562 2009

March 10 563 2009

March 10 564 2009

March 17 565 2009

March 17 566 2009

March 17 567 2009

March 17 568 2009

March 17 569 2009

March 17 570 2009

March 17 571 2009

March 17 572 2009

March 17 573 2009

March 17 574 2009

March 17 575 2009

March 17 576 2009

March 17 577 2009

March 17 578 2009

March 17 579 2009

March 17 580 2009

March 17 581 2009

March 17 582 2009

March 17 583 2009

March 17 584 2009

March 17 585 2009

March 17 586 2009

March 17 587 2009

March 17 588 2009

March 17 589 2009

March 17 590 2009

March 17 591 2009

March 17 592 2009

March 17 593 2009

March 17 594 2009

March 17 595 2009

March 17 596 2009

March 17 597 2009

March 17 598 2009

March 17 599 2009

March 17 600 2009

March 17 601 2009

March 17 602 2009

March 17 603 2009

March 17 604 2009

March 17 605 2009

March 17 606 2009

March 17 607 2009

March 17 608 2009

March 17 609 2009

March 17 610 2009

March 17 611 2009

March 17 612 2009

March 17 613 2009

March 17 614 2009

March 17 615 2009

March 17 616 2009

March 24 617 2009

March 24 618 2009

March 24 619 2009

March 24 620 2009

March 24 621 2009

March 24 622 2009

March 24 623 2009

March 24 624 2009

March 24 625 2009

March 24 626 2009

March 24 627 2009

March 24 628 2009

March 24 629 2009

March 24 630 2009

March 24 631 2009

March 24 632 2009

March 24 633 2009

March 24 634 2009

March 24 635 2009

March 24 636 2009

March 24 637 2009

March 24 638 2009

March 24 639 2009

March 24 640 2009

March 24 641 2009

March 24 642 2009

March 24 643 2009

March 24 644 2009

March 24 645 2009

March 24 646 2009

March 24 647 2009

March 24 648 2009

March 24 649 2009

March 24 650 2009

March 24 651 2009

March 24 652 2009

March 24 653 2009

March 24 654 2009

March 24 655 2009

March 24 656 2009

March 24 657 2009

March 24 658 2009

March 24 659 2009

March 24 660 2009

March 24 661 2009

March 24 662 2009

March 24 663 2009

March 24 664 2009

March 24 665 2009

March 24 666 2009

March 24 667 2009

March 24 668 2009

March 26 669 2009

March 30 670 2009

March 31 671 2009

March 31 672 2009

March 31 673 2009

March 31 674 2009

March 31 675 2009

March 31 676 2009

March 31 677 2009

March 31 678 2009

March 31 679 2009

March 31 680 2009

March 31 681 2009

March 31 682 2009

March 31 683 2009

March 31 684 2009

March 31 685 2009

March 31 686 2009

March 31 687 2009

March 31 688 2009

March 31 689 2009

March 31 690 2009

March 31 691 2009

March 31 692 2009

March 31 693 2009

March 31 694 2009

March 31 695 2009

March 31 696 2009

March 31 697 2009

March 31 698 2009

March 31 699 2009

March 31 700 2009

March 31 701 2009

March 31 702 2009

March 31 703 2009

March 31 704 2009

March 31 705 2009

March 31 706 2009

March 31 707 2009

March 31 708 2009

March 31 709 2009

March 31 710 2009

March 31 711 2009

March 31 712 2009

March 31 713 2009

March 31 714 2009

March 31 715 2009

March 31 716 2009

March 31 717 2009

March 31 718 2009

March 31 719 2009

March 31 720 2009

April 2 721 2009

April 7 722 2009

April 7 723 2009

April 7 724 2009

April 7 725 2009

April 7 726 2009

April 7 727 2009

April 7 728 2009

April 7 729 2009

April 7 730 2009

April 7 731 2009

April 7 732 2009

April 7 733 2009

April 7 734 2009

April 7 735 2009

April 7 736 2009

April 7 737 2009

April 7 738 2009

April 7 739 2009

April 7 740 2009

April 7 741 2009

April 7 742 2009

April 7 743 2009

April 7 744 2009

April 7 745 2009

April 7 746 2009

April 7 747 2009

April 7 748 2009

April 7 749 2009

April 7 750 2009

April 7 751 2009

April 7 752 2009

April 7 753 2009

April 7 754 2009

April 7 755 2009

April 7 756 2009

April 7 757 2009

April 7 758 2009

April 7 759 2009

April 7 760 2009

April 7 761 2009

April 7 762 2009

April 7 763 2009

April 7 764 2009

April 7 765 2009

April 7 766 2009

April 7 767 2009

April 7 768 2009

April 7 769 2009

April 7 770 2009

April 7 771 2009

April 7 772 2009

April 9 773 2009

April 13 774 2009

April 13 775 2009

April 13 776 2009

April 13 777 2009

April 13 778 2009

April 13 779 2009

April 13 780 2009

April 13 781 2009

April 13 782 2009

April 13 783 2009

April 13 784 2009

April 13 785 2009

April 13 786 2009

April 13 787 2009

April 13 788 2009

April 13 789 2009

April 13 790 2009

April 13 791 2009

April 13 792 2009

April 13 793 2009

April 13 794 2009

April 13 795 2009

April 13 796 2009

April 13 797 2009

April 13 798 2009

April 13 799 2009

April 13 800 2009

April 13 801 2009

April 13 802 2009

April 13 803 2009

April 13 804 2009

April 13 805 2009

April 13 806 2009

April 13 807 2009

April 13 808 2009

April 13 809 2009

April 13 810 2009

April 13 811 2009

April 13 812 2009

April 13 813 2009

April 13 814 2009

April 13 815 2009

April 13 816 2009

April 23 817 2009

April 23 818 2009

April 23 819 2009

April 23 820 2009

April 23 821 2009

April 23 822 2009

April 23 823 2009

April 23 824 2009

April 23 825 2009

April 23 826 2009

April 23 827 2009

April 23 828 2009

April 23 829 2009

April 23 830 2009

April 23 831 2009

April 23 832 2009

April 23 833 2009

April 23 834 2009

April 23 835 2009

April 23 836 2009

April 23 837 2009

April 23 838 2009

April 23 839 2009

April 23 840 2009

April 23 841 2009

April 23 842 2009

April 23 843 2009

April 23 844 2009

April 23 845 2009

April 23 846 2009

April 23 847 2009

April 23 848 2009

April 23 849 2009

April 23 850 2009

April 23 851 2009

April 23 852 2009

April 28 853 2009

April 28 854 2009

April 28 855 2009

April 28 856 2009

April 28 857 2009

April 28 858 2009

April 28 859 2009

April 28 860 2009

April 28 861 2009

April 28 862 2009

April 28 863 2009

April 28 864 2009

April 28 865 2009

April 28 866 2009

April 28 867 2009

April 28 868 2009

April 28 869 2009

April 28 870 2009

April 28 871 2009

April 28 872 2009

April 28 873 2009

April 28 874 2009

April 28 875 2009

April 28 876 2009

April 28 877 2009

April 28 878 2009

April 28 879 2009

April 28 880 2009

April 28 881 2009

April 28 882 2009

April 28 883 2009

April 28 884 2009

April 28 885 2009

April 28 886 2009

April 28 887 2009

April 28 888 2009

April 28 889 2009

April 28 890 2009

April 28 891 2009

April 28 892 2009

April 28 893 2009

April 28 894 2009

April 28 895 2009

April 28 896 2009

April 30 897 2009

April 30 898 2009

May 4 899 2009

May 5 900 2009

May 5 901 2009

May 5 902 2009

May 5 903 2009

May 5 904 2009

May 5 905 2009

May 5 906 2009

May 5 907 2009

May 5 908 2009

May 5 909 2009

May 5 910 2009

May 5 911 2009

May 5 912 2009

May 5 913 2009

May 5 914 2009

May 5 915 2009

May 5 916 2009

May 5 917 2009

May 5 918 2009

May 5 919 2009

May 5 920 2009

May 5 921 2009

May 5 922 2009

May 5 923 2009

May 5 924 2009

May 5 925 2009

May 5 926 2009

May 5 927 2009

May 5 928 2009

May 5 929 2009

May 5 930 2009

May 5 931 2009

May 5 932 2009

May 5 933 2009

May 5 934 2009

May 5 935 2009

May 5 936 2009

May 5 937 2009

May 5 938 2009

May 5 939 2009

May 5 940 2009

May 5 941 2009

May 5 942 2009

May 5 943 2009

May 5 944 2009

May 5 945 2009

May 5 946 2009

May 5 947 2009

May 5 948 2009

May 5 949 2009

May 5 950 2009

May 5 951 2009

May 5 952 2009

May 5 953 2009

May 5 954 2009

May 5 955 2009

May 5 956 2009

May 5 957 2009

May 5 958 2009

May 5 959 2009

May 5 960 2009

May 5 961 2009

May 5 962 2009

May 5 963 2009

May 5 964 2009

May 7 965 2009

May 7 966 2009

May 12 967 2009

May 12 968 2009

May 12 969 2009

May 12 970 2009

May 12 971 2009

May 12 972 2009

May 12 973 2009

May 12 974 2009

May 12 975 2009

May 12 976 2009

May 12 977 2009

May 12 978 2009

May 12 979 2009

May 12 980 2009

May 12 981 2009

May 12 982 2009

May 12 983 2009

May 12 984 2009

May 12 985 2009

May 12 986 2009

May 12 987 2009

May 12 988 2009

May 12 989 2009

May 12 990 2009

May 12 991 2009

May 12 992 2009

May 12 993 2009

May 12 994 2009

May 12 995 2009

May 12 996 2009

May 12 997 2009

May 12 998 2009

May 12 999 2009

May 12 1000 2009

May 12 1001 2009

May 12 1002 2009

May 12 1003 2009

May 12 1004 2009

May 12 1005 2009

May 12 1006 2009

May 12 1007 2009

May 12 1008 2009

May 12 1009 2009

May 12 1010 2009

May 12 1011 2009

May 12 1012 2009

May 12 1013 2009

May 12 1014 2009

May 12 1015 2009

May 12 1016 2009

May 12 1017 2009

May 12 1018 2009

May 12 1019 2009

May 12 1020 2009

May 12 1021 2009

May 12 1022 2009

May 12 1023 2009

May 12 1024 2009

May 19 1025 2009

May 19 1026 2009

May 19 1027 2009

May 19 1028 2009

May 19 1029 2009

May 19 1030 2009

May 19 1031 2009

May 19 1032 2009

May 19 1033 2009

May 19 1034 2009

May 19 1035 2009

May 19 1036 2009

May 19 1037 2009

May 19 1038 2009

May 19 1039 2009

May 19 1040 2009

May 19 1041 2009

May 19 1042 2009

May 19 1043 2009

May 19 1044 2009

May 19 1045 2009

May 19 1046 2009

May 19 1047 2009

May 19 1048 2009

May 19 1049 2009

May 19 1050 2009

May 19 1051 2009

May 19 1052 2009

May 19 1053 2009

May 19 1054 2009

May 19 1055 2009

May 19 1056 2009

May 19 1057 2009

May 19 1058 2009

May 19 1059 2009

May 19 1060 2009

May 19 1061 2009

May 19 1062 2009

May 19 1063 2009

May 19 1064 2009

May 19 1065 2009

May 19 1066 2009

May 19 1067 2009

May 19 1068 2009

May 19 1069 2009

May 19 1070 2009

May 19 1071 2009

May 19 1072 2009

May 19 1073 2009

May 19 1074 2009

May 19 1075 2009

May 19 1076 2009

May 19 1077 2009

May 19 1078 2009

May 19 1079 2009

May 19 1080 2009

May 19 1081 2009

May 19 1082 2009

May 19 1083 2009

May 19 1084 2009

May 19 1085 2009

May 19 1086 2009

May 19 1087 2009

May 19 1088 2009

May 19 1089 2009

May 19 1090 2009

May 19 1091 2009

May 19 1092 2009

May 19 1093 2009

May 19 1094 2009

May 19 1095 2009

May 19 1096 2009

May 26 1097 2009

May 26 1098 2009

May 26 1099 2009

May 26 1100 2009

May 26 1101 2009

May 26 1102 2009

May 26 1103 2009

May 26 1104 2009

May 26 1105 2009

May 26 1106 2009

May 26 1107 2009

May 26 1108 2009

May 26 1109 2009

May 26 1110 2009

May 26 1111 2009

May 26 1112 2009

May 26 1113 2009

May 26 1114 2009

May 26 1115 2009

May 26 1116 2009

May 26 1117 2009

May 26 1118 2009

May 26 1119 2009

May 26 1120 2009

May 26 1121 2009

May 26 1122 2009

May 26 1123 2009

May 26 1124 2009

May 26 1125 2009

May 26 1126 2009

May 26 1127 2009

May 26 1128 2009

May 26 1129 2009

May 26 1130 2009

May 26 1131 2009

May 26 1132 2009

May 26 1133 2009

May 26 1134 2009

May 26 1135 2009

May 26 1136 2009

May 26 1137 2009

May 26 1138 2009

May 26 1139 2009

May 26 1140 2009

May 26 1141 2009

May 26 1142 2009

May 26 1143 2009

May 26 1144 2009

May 26 1145 2009

May 26 1146 2009

May 26 1147 2009

May 26 1148 2009

May 26 1149 2009

May 26 1150 2009

May 26 1151 2009

2009-10 2008-09 2009-10 Increase

May 26 1152 2009

2009-10 2008-09 2009-10 Increase

May 26 1153 2009

May 26 1154 2009

May 26 1155 2009

May 26 1156 2009

May 26 1157 2009

May 26 1158 2009

May 26 1159 2009

May 26 1160 2009

May 26 1161 2009

May 26 1162 2009

May 26 1163 2009

May 26 1164 2009

May 26 1165 2009

May 26 1166 2009

May 26 1167 2009

May 26 1168 2009

May 26 1169 2009

May 26 1170 2009

May 26 1171 2009

May 26 1172 2009

May 26 1173 2009

May 26 1174 2009

May 26 1175 2009

May 26 1176 2009

May 26 1177 2009

May 26 1178 2009

May 26 1179 2009

May 26 1180 2009

June 2 1181 2009

June 2 1182 2009

June 2 1183 2009

June 2 1184 2009

June 2 1185 2009

June 2 1186 2009

June 2 1187 2009

June 2 1188 2009

June 2 1189 2009

June 2 1190 2009

June 2 1191 2009

June 2 1192 2009

June 2 1193 2009

June 2 1194 2009

June 2 1195 2009

June 2 1196 2009

June 2 1197 2009

June 2 1198 2009

June 2 1199 2009

June 2 1200 2009

June 2 1201 2009

June 2 1202 2009

June 2 1203 2009

June 2 1204 2009

June 2 1205 2009

June 2 1206 2009

June 2 1207 2009

June 2 1208 2009

June 2 1209 2009

June 2 1210 2009

June 2 1211 2009

June 2 1212 2009

June 2 1213 2009

June 2 1214 2009

June 2 1215 2009

June 2 1216 2009

June 2 1217 2009

June 2 1218 2009

June 2 1219 2009

June 2 1220 2009

June 2 1221 2009

June 2 1222 2009

June 2 1223 2009

June 2 1224 2009

June 2 1225 2009

June 2 1226 2009

June 2 1227 2009

June 2 1228 2009

June 2 1229 2009

June 2 1230 2009

June 2 1231 2009

June 2 1232 2009

June 2 1233 2009

June 2 1234 2009

June 2 1235 2009

June 2 1236 2009

June 2 1237 2009

June 2 1238 2009

June 2 1239 2009

June 2 1240 2009

June 2 1241 2009

June 2 1242 2009

June 2 1243 2009

June 2 1244 2009

June 9 1245 2009

June 9 1246 2009

June 9 1247 2009

June 9 1248 2009

June 9 1249 2009

June 9 1250 2009

June 9 1251 2009

June 9 1252 2009

June 9 1253 2009

June 9 1254 2009

June 9 1255 2009

June 9 1256 2009

June 9 1257 2009

June 9 1258 2009

June 9 1259 2009

June 9 1260 2009

June 9 1261 2009

June 9 1262 2009

June 9 1263 2009

June 9 1264 2009

June 9 1265 2009

June 9 1266 2009

June 9 1267 2009

June 9 1268 2009

June 9 1269 2009

June 9 1270 2009

June 9 1271 2009

June 9 1272 2009

June 9 1273 2009

June 9 1274 2009

June 9 1275 2009

June 9 1276 2009

June 9 1277 2009

June 9 1278 2009

June 9 1279 2009

June 9 1280 2009

June 9 1281 2009

June 9 1282 2009

June 9 1283 2009

June 9 1284 2009

June 9 1285 2009

June 9 1286 2009

June 9 1287 2009

June 9 1288 2009

June 9 1289 2009

June 9 1290 2009

June 9 1291 2009

June 9 1292 2009

June 9 1293 2009

June 9 1294 2009

June 9 1295 2009

June 9 1296 2009

June 9 1297 2009

June 9 1298 2009

June 9 1299 2009

June 9 1300 2009

June 9 1301 2009

June 9 1302 2009

June 9 1303 2009

June 9 1304 2009

June 2 1305 2009

June 16 1306 2009

June 16 1307 2009

June 16 1308 2009

June 16 1309 2009

June 16 1310 2009

June 16 1311 2009

June 16 1312 2009

June 16 1313 2009

June 16 1314 2009

June 16 1315 2009

June 16 1316 2009

June 16 1317 2009

June 16 1318 2009

June 16 1319 2009

June 16 1320 2009

June 16 1321 2009

June 16 1322 2009

June 16 1323 2009

June 16 1324 2009

June 16 1325 2009

June 16 1326 2009

June 16 1327 2009

June 16 1328 2009

June 16 1329 2009

June 16 1330 2009

June 16 1331 2009

June 16 1332 2009

June 16 1333 2009

June 16 1334 2009

June 16 1335 2009

June 16 1336 2009

June 16 1337 2009

June 16 1338 2009

June 16 1339 2009

June 16 1340 2009

June 16 1341 2009

June 16 1342 2009

June 16 1343 2009

June 16 1344 2009

June 16 1345 2009

June 16 1346 2009

June 16 1347 2009

June 16 1348 2009

June 16 1349 2009

June 16 1350 2009

June 16 1351 2009

June 16 1352 2009

June 16 1353 2009

June 16 1354 2009

June 16 1355 2009

June 16 1356 2009

June 23 1357 2009

June 23 1358 2009

June 23 1359 2009

June 23 1360 2009

June 23 1361 2009

June 23 1362 2009

June 23 1363 2009

June 23 1364 2009

June 23 1365 2009

June 23 1366 2009

June 23 1367 2009

June 23 1368 2009

June 23 1369 2009

June 23 1370 2009

June 23 1371 2009

June 23 1372 2009

June 23 1373 2009

June 23 1374 2009

June 23 1375 2009

June 23 1376 2009

June 23 1377 2009

June 23 1378 2009

June 23 1379 2009

June 23 1380 2009

June 23 1381 2009

June 23 1382 2009

June 23 1383 2009

June 23 1384 2009

June 23 1385 2009

June 23 1386 2009

June 23 1387 2009

June 23 1388 2009

June 23 1389 2009

June 23 1390 2009

June 23 1391 2009

June 23 1392 2009

June 23 1393 2009

June 23 1394 2009

June 23 1395 2009

June 23 1396 2009

June 23 1397 2009

June 23 1398 2009

June 23 1399 2009

June 23 1400 2009

June 23 1401 2009

June 23 1402 2009

June 23 1403 2009

June 23 1404 2009

June 23 1405 2009

June 23 1406 2009

June 23 1407 2009

June 23 1408 2009

June 23 1409 2009

June 23 1410 2009

June 23 1411 2009

June 23 1412 2009

June 23 1413 2009

June 23 1414 2009

June 23 1415 2009

June 23 1416 2009

June 23 1417 2009

June 23 1418 2009

June 23 1419 2009

June 23 1420 2009

June 23 1421 2009

June 23 1422 2009

June 23 1423 2009

June 23 1424 2009

June 23 1425 2009

June 23 1426 2009

June 23 1427 2009

June 23 1428 2009

June 23 1429 2009

June 23 1430 2009

June 23 1431 2009

June 23 1432 2009

June 23 1433 2009

June 23 1434 2009

June 23 1435 2009

June 23 1436 2009

June 23 1437 2009

June 23 1438 2009

June 23 1439 2009

June 23 1440 2009

June 23 1441 2009

June 23 1442 2009

June 23 1443 2009

June 23 1444 2009

June 23 1445 2009

June 23 1446 2009

June 23 1447 2009

June 23 1448 2009

June 23 1449 2009

June 23 1450 2009

June 23 1451 2009

June 23 1452 2009

June 23 1453 2009

June 23 1454 2009

June 23 1455 2009

June 23 1456 2009

June 23 1457 2009

June 23 1458 2009

June 23 1459 2009

June 23 1460 2009

June 23 1461 2009

June 23 1462 2009

June 23 1463 2009

June 23 1464 2009

June 23 1465 2009

June 23 1466 2009

June 23 1467 2009

June 23 1468 2009

June 23 1469 2009

June 23 1470 2009

June 23 1471 2009

June 23 1472 2009

June 25 1473 2009

June 25 1474 2009

June 25 1475 2009

June 25 1476 2009

June 25 1477 2009

June 25 1478 2009

June 25 1479 2009

June 25 1480 2009

June 30 1481 2009

June 30 1482 2009

June 30 1483 2009

June 30 1484 2009

June 30 1485 2009

June 30 1486 2009

June 30 1487 2009

June 30 1488 2009

June 30 1489 2009

June 30 1490 2009

June 30 1491 2009

June 30 1492 2009

June 30 1493 2009

June 30 1494 2009

June 30 1495 2009

June 30 1496 2009

June 30 1497 2009

June 30 1498 2009

June 30 1499 2009

June 30 1500 2009

June 30 1501 2009

June 30 1502 2009

June 30 1503 2009

June 30 1504 2009

June 30 1505 2009

June 30 1506 2009

June 30 1507 2009

June 30 1508 2009

June 30 1509 2009

June 30 1510 2009

June 30 1511 2009

June 30 1512 2009

June 30 1513 2009

June 30 1514 2009

June 30 1515 2009

June 30 1516 2009

June 30 1517 2009

June 30 1518 2009

June 30 1519 2009

June 30 1520 2009

June 30 1521 2009

June 30 1522 2009

June 30 1523 2009

June 30 1524 2009

June 30 1525 2009

June 30 1526 2009

June 30 1527 2009

June 30 1528 2009

July 7 1529 2009

July 7 1530 2009

July 7 1531 2009

July 7 1532 2009

July 7 1533 2009

July 7 1534 2009

July 7 1535 2009

July 7 1536 2009

July 7 1537 2009

July 7 1538 2009

July 7 1539 2009

July 7 1540 2009

July 7 1541 2009

July 7 1542 2009

July 7 1543 2009

July 7 1544 2009

July 7 1545 2009

July 7 1546 2009

July 7 1547 2009

July 7 1548 2009

July 7 1549 2009

July 7 1550 2009

July 7 1551 2009

July 7 1552 2009

July 7 1553 2009

July 7 1554 2009

July 7 1555 2009

July 7 1556 2009

July 7 1557 2009

July 7 1558 2009

July 7 1559 2009

July 7 1560 2009

July 7 1561 2009

July 7 1562 2009

July 7 1563 2009

July 7 1564 2009

July 7 1565 2009

July 7 1566 2009

July 7 1567 2009

July 7 1568 2009

July 7 1569 2009

July 7 1570 2009

July 7 1571 2009

July 7 1572 2009

July 7 1573 2009

July 7 1574 2009

July 7 1575 2009

July 7 1576 2009

July 7 1577 2009

July 7 1578 2009

July 7 1579 2009

July 7 1580 2009

July 7 1581 2009

July 7 1582 2009

July 7 1583 2009

July 7 1584 2009

July 8 1585 2009

July 8 1586 2009

July 8 1587 2009

July 8 1588 2009

July 8 1589 2009

July 8 1590 2009

July 8 1591 2009

July 8 1592 2009

July 8 1593 2009

July 8 1594 2009

July 8 1595 2009

July 8 1596 2009

July 8 1597 2009

July 8 1598 2009

July 8 1599 2009

July 14 1600 2009

July 14 1601 2009

July 14 1602 2009

July 14 1603 2009

July 14 1604 2009

July 14 1605 2009

July 14 1606 2009

July 14 1607 2009

July 14 1608 2009

July 14 1609 2009

July 14 1610 2009

July 14 1611 2009

July 14 1612 2009

July 14 1613 2009

July 14 1614 2009

July 14 1615 2009

July 14 1616 2009

July 14 1617 2009

July 14 1618 2009

July 14 1619 2009

July 14 1620 2009

July 14 1621 2009

July 14 1622 2009

July 14 1623 2009

July 14 1624 2009

July 14 1625 2009

July 14 1626 2009

July 14 1627 2009

July 14 1628 2009

July 14 1629 2009

July 14 1630 2009

July 14 1631 2009

July 14 1632 2009

July 14 1633 2009

July 14 1634 2009

July 14 1635 2009

July 14 1636 2009

July 14 1637 2009

July 14 1638 2009

July 14 1639 2009

July 14 1640 2009

July 14 1641 2009

July 14 1642 2009

July 14 1643 2009

July 14 1644 2009

July 21 1645 2009

July 21 1646 2009

July 21 1647 2009

July 21 1648 2009

July 21 1649 2009

July 21 1650 2009

July 21 1651 2009

July 21 1652 2009

July 21 1653 2009

July 21 1654 2009

July 21 1655 2009

July 21 1656 2009

July 21 1657 2009

July 21 1658 2009

July 21 1659 2009

July 21 1660 2009

July 21 1661 2009

July 21 1662 2009

July 21 1663 2009

July 21 1664 2009

July 21 1665 2009

July 21 1666 2009

July 21 1667 2009

July 21 1668 2009

July 21 1669 2009

July 21 1670 2009

July 21 1671 2009

July 21 1672 2009

July 21 1673 2009

July 21 1674 2009

July 21 1675 2009

July 21 1676 2009

July 21 1677 2009

July 21 1678 2009

July 21 1679 2009

July 21 1680 2009

July 21 1681 2009

July 21 1682 2009

July 21 1683 2009

July 21 1684 2009

July 21 1685 2009

July 21 1686 2009

July 21 1687 2009

July 21 1688 2009

July 21 1689 2009

July 21 1690 2009

July 21 1691 2009

July 21 1692 2009

July 27 1693 2009

July 28 1694 2009

July 28 1695 2009

July 28 1696 2009

July 28 1697 2009

July 28 1698 2009

July 28 1699 2009

July 28 1700 2009

July 28 1701 2009

July 28 1702 2009

July 28 1703 2009

July 28 1704 2009

July 28 1705 2009

July 28 1706 2009

July 28 1707 2009

July 28 1708 2009

July 28 1709 2009

July 28 1710 2009

July 28 1711 2009

July 28 1712 2009

July 28 1713 2009

July 28 1714 2009

July 28 1715 2009

July 28 1716 2009

July 28 1717 2009

July 28 1718 2009

July 28 1719 2009

July 28 1720 2009

July 28 1721 2009

July 28 1722 2009

July 28 1723 2009

July 28 1724 2009

July 28 1725 2009

July 28 1726 2009

July 28 1727 2009

July 28 1728 2009

July 28 1729 2009

July 28 1730 2009

July 28 1731 2009

July 28 1732 2009

July 28 1733 2009

July 28 1734 2009

July 28 1735 2009

July 28 1736 2009

July 28 1737 2009

July 28 1738 2009

July 28 1739 2009

July 28 1740 2009

July 28 1741 2009

July 28 1742 2009

July 28 1743 2009

July 28 1744 2009

July 28 1745 2009

July 28 1746 2009

July 28 1747 2009

July 28 1748 2009

July 28 1749 2009

July 28 1750 2009

July 28 1751 2009

July 28 1752 2009

July 28 1753 2009

July 28 1754 2009

July 28 1755 2009

July 28 1756 2009

July 28 1757 2009

July 28 1758 2009

July 28 1759 2009

July 28 1760 2009

July 28 1761 2009

July 28 1762 2009

July 28 1763 2009

July 28 1764 2009

July 28 1765 2009

July 28 1766 2009

July 28 1767 2009

July 28 1768 2009

July 28 1769 2009

July 28 1770 2009

July 28 1771 2009

July 28 1772 2009

July 28 1773 2009

July 28 1774 2009

July 28 1775 2009

July 28 1776 2009

July 28 1777 2009

July 28 1778 2009

July 28 1779 2009

July 28 1780 2009

July 28 1781 2009

July 28 1782 2009

July 28 1783 2009

July 28 1784 2009

July 28 1785 2009

July 28 1786 2009

July 28 1787 2009

July 28 1788 2009

July 28 1789 2009

July 28 1790 2009

July 28 1791 2009

July 28 1792 2009

July 28 1793 2009

July 28 1794 2009

July 28 1795 2009

July 28 1796 2009

July 28 1797 2009

July 28 1798 2009

July 28 1799 2009

July 28 1800 2009

July 28 1801 2009

July 28 1802 2009

July 28 1803 2009

July 28 1804 2009

July 28 1805 2009

July 28 1806 2009

July 28 1807 2009

July 28 1808 2009

July 28 1809 2009

July 28 1810 2009

July 28 1811 2009

July 28 1812 2009

July 28 1813 2009

July 28 1814 2009

July 28 1815 2009

July 28 1816 2009

July 28 1817 2009

July 28 1818 2009

July 28 1819 2009

July 28 1820 2009

July 28 1821 2009

July 28 1822 2009

July 28 1823 2009

July 28 1824 2009

July 28 1825 2009

July 28 1826 2009

July 28 1827 2009

July 28 1828 2009

July 28 1829 2009

July 28 1830 2009

July 28 1831 2009

July 28 1832 2009

July 28 1833 2009

July 28 1834 2009

July 28 1835 2009

July 28 1836 2009

July 28 1837 2009

July 28 1838 2009

July 28 1839 2009

July 28 1840 2009

July 28 1841 2009

July 28 1842 2009

July 28 1843 2009

July 28 1844 2009

July 28 1845 2009

July 28 1846 2009

July 28 1847 2009

July 28 1848 2009

July 28 1849 2009

July 28 1850 2009

July 28 1851 2009

July 28 1852 2009

July 28 1853 2009

July 28 1854 2009

July 28 1855 2009

July 28 1856 2009

August 25 1857 2009

August 25 1858 2009

August 25 1859 2009

August 25 1860 2009

August 25 1861 2009

August 25 1862 2009

August 25 1863 2009

August 25 1864 2009

August 25 1865 2009

August 25 1866 2009

August 25 1867 2009

August 25 1868 2009

August 25 1869 2009

August 25 1870 2009

August 25 1871 2009

August 25 1872 2009

August 25 1873 2009

August 25 1874 2009

August 25 1875 2009

August 25 1876 2009

August 25 1877 2009

August 25 1878 2009

August 25 1879 2009

August 25 1880 2009

August 25 1881 2009

August 25 1882 2009

August 25 1883 2009

August 25 1884 2009

August 25 1885 2009

August 25 1886 2009

August 25 1887 2009

August 25 1888 2009

August 25 1889 2009

August 25 1890 2009

August 25 1891 2009

August 25 1892 2009

August 25 1893 2009

August 25 1894 2009

August 25 1895 2009

August 25 1896 2009

September 8 1897 2009

September 8 1898 2009

September 8 1899 2009

September 8 1900 2009

September 8 1901 2009

September 8 1902 2009

September 8 1903 2009

September 8 1904 2009

September 8 1905 2009

September 8 1906 2009

September 8 1907 2009

September 8 1908 2009

September 8 1909 2009

September 8 1910 2009

September 8 1911 2009

September 8 1912 2009

September 8 1913 2009

September 8 1914 2009

September 8 1915 2009

September 8 1916 2009

September 8 1917 2009

September 8 1918 2009

September 8 1919 2009

September 8 1920 2009

September 8 1921 2009

September 8 1922 2009

September 8 1923 2009

September 8 1924 2009

September 8 1925 2009

September 8 1926 2009

September 8 1927 2009

September 8 1928 2009

September 8 1929 2009

September 8 1930 2009

September 8 1931 2009

September 8 1932 2009

September 8 1933 2009

September 8 1934 2009

September 8 1935 2009

September 8 1936 2009

September 8 1937 2009

September 8 1938 2009

September 8 1939 2009

September 8 1940 2009

September 8 1941 2009

September 8 1942 2009

September 8 1943 2009

September 8 1944 2009

September 8 1945 2009

September 8 1946 2009

September 8 1947 2009

September 8 1948 2009

September 8 1949 2009

September 8 1950 2009

September 8 1951 2009

September 8 1952 2009

September 8 1953 2009

September 8 1954 2009

September 8 1955 2009

September 8 1956 2009

September 15 1957 2009

September 15 1958 2009

September 15 1959 2009

September 15 1960 2009

September 15 1961 2009

September 15 1962 2009

September 15 1963 2009

September 15 1964 2009

September 15 1965 2009

September 15 1966 2009

September 15 1967 2009

September 15 1968 2009

September 15 1969 2009

September 15 1970 2009

September 15 1971 2009

September 15 1972 2009

September 15 1973 2009

September 15 1974 2009

September 15 1975 2009

September 15 1976 2009

September 15 1977 2009

September 15 1978 2009

September 15 1979 2009

September 15 1980 2009

September 15 1981 2009

September 15 1982 2009

September 15 1983 2009

September 15 1984 2009

September 15 1985 2009

September 15 1986 2009

September 15 1987 2009

September 15 1988 2009

September 15 1989 2009

September 15 1990 2009

September 15 1991 2009

September 15 1992 2009

September 15 1993 2009

September 15 1994 2009

September 15 1995 2009

September 15 1996 2009

September 15 1997 2009

September 15 1998 2009

September 15 1999 2009

September 15 2000 2009

September 15 2001 2009

September 15 2002 2009

September 15 2003 2009

September 15 2004 2009

September 15 2005 2009

September 15 2006 2009

September 15 2007 2009

September 15 2008 2009

September 15 2009 2009

September 15 2010 2009

September 15 2011 2009

September 15 2012 2009

September 15 2013 2009

September 15 2014 2009

September 15 2015 2009

September 15 2016 2009

September 15 2017 2009

September 15 2018 2009

September 15 2019 2009

September 15 2020 2009

September 15 2021 2009

September 15 2022 2009

September 15 2023 2009

September 15 2024 2009

September 22 2025 2009

September 22 2026 2009

September 22 2027 2009

September 22 2028 2009

September 22 2029 2009

September 22 2030 2009

September 22 2031 2009

September 22 2032 2009

September 22 2033 2009

September 22 2034 2009

September 22 2035 2009

September 22 2036 2009

September 22 2037 2009

September 22 2038 2009

September 22 2039 2009

September 22 2040 2009

September 22 2041 2009

September 22 2042 2009

September 22 2043 2009

September 22 2044 2009

September 22 2045 2009

September 22 2046 2009

September 22 2047 2009

September 22 2048 2009

September 22 2049 2009

September 22 2050 2009

September 22 2051 2009

September 22 2052 2009

September 22 2053 2009

September 22 2054 2009

September 22 2055 2009

September 22 2056 2009

September 22 2057 2009

September 22 2058 2009

September 22 2059 2009

September 22 2060 2009

September 22 2061 2009

September 22 2062 2009

September 22 2063 2009

September 22 2064 2009

September 22 2065 2009

September 22 2066 2009

September 22 2067 2009

September 22 2068 2009

September 22 2069 2009

September 22 2070 2009

September 22 2071 2009

September 22 2072 2009

September 22 2073 2009

September 22 2074 2009

September 22 2075 2009

September 22 2076 2009

September 22 2077 2009

September 22 2078 2009

September 22 2079 2009

September 22 2080 2009

September 22 2081 2009

September 22 2082 2009

September 22 2083 2009

September 22 2084 2009

September 22 2085 2009

September 22 2086 2009

September 22 2087 2009

September 22 2088 2009

September 22 2089 2009

September 22 2090 2009

September 22 2091 2009

September 22 2092 2009

September 22 2093 2009

September 22 2094 2009

September 22 2095 2009

September 22 2096 2009

September 22 2097 2009

September 22 2098 2009

September 22 2099 2009

September 22 2100 2009

September 22 2101 2009

September 22 2102 2009

September 22 2103 2009

September 22 2104 2009

September 22 2105 2009

September 22 2106 2009

September 22 2107 2009

September 22 2108 2009

September 22 2109 2009

September 22 2110 2009

September 22 2111 2009

September 22 2112 2009

September 22 2113 2009

September 22 2114 2009

September 22 2115 2009

September 22 2116 2009

September 22 2117 2009

September 22 2118 2009

September 22 2119 2009

September 22 2120 2009

September 22 2121 2009

September 22 2122 2009

September 22 2123 2009

September 22 2124 2009

September 22 2125 2009

September 22 2126 2009

September 22 2127 2009

September 22 2128 2009

September 29 2129 2009

September 29 2130 2009

September 29 2131 2009

September 29 2132 2009

September 29 2133 2009

September 29 2134 2009

September 29 2135 2009

September 29 2136 2009

September 29 2137 2009

September 29 2138 2009

September 29 2139 2009

September 29 2140 2009

September 29 2141 2009

September 29 2142 2009

September 29 2143 2009

September 29 2144 2009

September 29 2145 2009

September 29 2146 2009

September 29 2147 2009

September 29 2148 2009

September 29 2149 2009

September 29 2150 2009

September 29 2151 2009

September 29 2152 2009

September 29 2153 2009

September 29 2154 2009

September 29 2155 2009

September 29 2156 2009

September 29 2157 2009

September 29 2158 2009

September 29 2159 2009

September 29 2160 2009

September 29 2161 2009

September 29 2162 2009

September 29 2163 2009

September 29 2164 2009

September 29 2165 2009

September 29 2166 2009

September 29 2167 2009

September 29 2168 2009

September 29 2169 2009

September 29 2170 2009

September 29 2171 2009

September 29 2172 2009

September 29 2173 2009

September 29 2174 2009

September 29 2175 2009

September 29 2176 2009

September 29 2177 2009

September 29 2178 2009

September 29 2179 2009

September 29 2180 2009

October 6 2181 2009

October 6 2182 2009

October 6 2183 2009

October 6 2184 2009

October 6 2185 2009

October 6 2186 2009

October 6 2187 2009

October 6 2188 2009

October 6 2189 2009

October 6 2190 2009

October 6 2191 2009

October 6 2192 2009

October 6 2193 2009

October 6 2194 2009

October 6 2195 2009

October 6 2196 2009

October 6 2197 2009

October 6 2198 2009

October 6 2199 2009

October 6 2200 2009

October 6 2201 2009

October 6 2202 2009

October 6 2203 2009

October 6 2204 2009

October 6 2205 2009

October 6 2206 2009

October 6 2207 2009

October 6 2208 2009

October 6 2209 2009

October 6 2210 2009

October 6 2211 2009

October 6 2212 2009

October 6 2213 2009

October 6 2214 2009

October 6 2215 2009

October 6 2216 2009

October 6 2217 2009

October 6 2218 2009

October 6 2219 2009

October 6 2220 2009

October 6 2221 2009

October 6 2222 2009

October 6 2223 2009

October 6 2224 2009

October 6 2225 2009

October 6 2226 2009

October 6 2227 2009

October 6 2228 2009

October 6 2229 2009

October 6 2230 2009

October 6 2231 2009

October 6 2232 2009

October 6 2233 2009

October 6 2234 2009

October 6 2235 2009

October 6 2236 2009

October 6 2237 2009

October 6 2238 2009

October 6 2239 2009

October 6 2240 2009

October 6 2241 2009

October 6 2242 2009

October 6 2243 2009

October 6 2244 2009

October 6 2245 2009

October 6 2246 2009

October 6 2247 2009

October 6 2248 2009

October 6 2249 2009

October 6 2250 2009

October 6 2251 2009

October 6 2252 2009

October 6 2253 2009

October 6 2254 2009

October 6 2255 2009

October 6 2256 2009

October 6 2257 2009

October 6 2258 2009

October 6 2259 2009

October 6 2260 2009

October 6 2261 2009

October 6 2262 2009

October 6 2263 2009

October 6 2264 2009

October 6 2265 2009

October 6 2266 2009

October 6 2267 2009

October 6 2268 2009

October 6 2269 2009

October 6 2270 2009

October 6 2271 2009

October 6 2272 2009

October 6 2273 2009

October 6 2274 2009

October 6 2275 2009

October 6 2276 2009

October 6 2277 2009

October 6 2278 2009

October 6 2279 2009

October 6 2280 2009

October 13 2281 2009

October 13 2282 2009

October 13 2283 2009

October 13 2284 2009

October 13 2285 2009

October 13 2286 2009

October 13 2287 2009

October 13 2288 2009

October 13 2289 2009

October 13 2290 2009

October 13 2291 2009

October 13 2292 2009

October 13 2293 2009

October 13 2294 2009

October 13 2295 2009

October 13 2296 2009

October 13 2297 2009

October 13 2298 2009

October 13 2299 2009

October 13 2300 2009

October 13 2301 2009

October 13 2302 2009

October 13 2303 2009

October 13 2304 2009

October 13 2305 2009

October 13 2306 2009

October 13 2307 2009

October 13 2308 2009

October 13 2309 2009

October 13 2310 2009

October 13 2311 2009

October 13 2312 2009

October 13 2313 2009

October 13 2314 2009

October 13 2315 2009

October 13 2316 2009

October 13 2317 2009

October 13 2318 2009

October 13 2319 2009

October 13 2320 2009

October 13 2321 2009

October 13 2322 2009

October 13 2323 2009

October 13 2324 2009

October 13 2325 2009

October 13 2326 2009

October 13 2327 2009

October 13 2328 2009

October 13 2329 2009

October 13 2330 2009

October 13 2331 2009

October 13 2332 2009

October 13 2333 2009

October 13 2334 2009

October 13 2335 2009

October 13 2336 2009

October 13 2337 2009

October 13 2338 2009

October 13 2339 2009

October 13 2340 2009

October 20 2341 2009

October 20 2342 2009

October 20 2343 2009

October 20 2344 2009

October 20 2345 2009

October 20 2346 2009

October 20 2347 2009

October 20 2348 2009

October 20 2349 2009

October 20 2350 2009

October 20 2351 2009

October 20 2352 2009

October 20 2353 2009

October 20 2354 2009

October 20 2355 2009

October 20 2356 2009

October 20 2357 2009

October 20 2358 2009

October 20 2359 2009

October 20 2360 2009

October 20 2361 2009

October 20 2362 2009

October 20 2363 2009

October 20 2364 2009

October 20 2365 2009

October 20 2366 2009

October 20 2367 2009

October 20 2368 2009

October 20 2369 2009

October 20 2370 2009

October 20 2371 2009

October 20 2372 2009

October 20 2373 2009

October 20 2374 2009

October 20 2375 2009

October 20 2376 2009

October 20 2377 2009

October 20 2378 2009

October 20 2379 2009

October 20 2380 2009

October 20 2381 2009

October 20 2382 2009

October 20 2383 2009

October 20 2384 2009

October 20 2385 2009

October 20 2386 2009

October 20 2387 2009

October 20 2388 2009

October 20 2389 2009

October 20 2390 2009

October 20 2391 2009

October 20 2392 2009

October 20 2393 2009

October 20 2394 2009

October 20 2395 2009

October 20 2396 2009

October 20 2397 2009

October 20 2398 2009

October 20 2399 2009

October 20 2400 2009

October 27 2401 2009

October 27 2402 2009

October 27 2403 2009

October 27 2404 2009

October 27 2405 2009

October 27 2406 2009

October 27 2407 2009

October 27 2408 2009

October 27 2409 2009

October 27 2410 2009

October 27 2411 2009

October 27 2412 2009

October 27 2413 2009

October 27 2414 2009

October 27 2415 2009

October 27 2416 2009

October 27 2417 2009

October 27 2418 2009

October 27 2419 2009

October 27 2420 2009

October 27 2421 2009

October 27 2422 2009

October 27 2423 2009

October 27 2424 2009

October 27 2425 2009

October 27 2426 2009

October 27 2427 2009

October 27 2428 2009

October 27 2429 2009

October 27 2430 2009

October 27 2431 2009

October 27 2432 2009

October 27 2433 2009

October 27 2434 2009

October 27 2435 2009

October 27 2436 2009

October 27 2437 2009

October 27 2438 2009

October 27 2439 2009

October 27 2440 2009

October 27 2441 2009

October 27 2442 2009

October 27 2443 2009

October 27 2444 2009

October 27 2445 2009

October 27 2446 2009

October 27 2447 2009

October 27 2448 2009

October 27 2449 2009

October 27 2450 2009

October 27 2451 2009

October 27 2452 2009

October 27 2453 2009

October 27 2454 2009

October 27 2455 2009

October 27 2456 2009

October 27 2457 2009

October 27 2458 2009

October 27 2459 2009

October 27 2460 2009

October 27 2461 2009

October 27 2462 2009

October 27 2463 2009

October 27 2464 2009

October 27 2465 2009

October 27 2466 2009

October 27 2467 2009

October 27 2468 2009

October 27 2469 2009

October 27 2470 2009

October 27 2471 2009

October 27 2472 2009

October 27 2473 2009

October 27 2474 2009

October 27 2475 2009

October 27 2476 2009

October 29 2477 2009

October 29 2478 2009

October 29 2479 2009

October 29 2480 2009

October 29 2481 2009

October 29 2482 2009

October 29 2483 2009

October 29 2484 2009

October 29 2485 2009

November 4 2486 2009

November 4 2487 2009

November 4 2488 2009

November 4 2489 2009

November 4 2490 2009

November 4 2491 2009

November 4 2492 2009

November 4 2493 2009

November 4 2494 2009

November 4 2495 2009

November 4 2496 2009

November 4 2497 2009

November 4 2498 2009

November 4 2499 2009

November 4 2500 2009

November 4 2501 2009

November 4 2502 2009

November 4 2503 2009

November 4 2504 2009

November 4 2505 2009

November 4 2506 2009

November 4 2507 2009

November 4 2508 2009

November 4 2509 2009

November 4 2510 2009

November 4 2511 2009

November 4 2512 2009

November 4 2513 2009

November 4 2514 2009

November 4 2515 2009

November 4 2516 2009

November 4 2517 2009

November 4 2518 2009

November 4 2519 2009

November 4 2520 2009

November 4 2521 2009

November 4 2522 2009

November 4 2523 2009

November 4 2524 2009

November 4 2525 2009

November 4 2526 2009

November 4 2527 2009

November 4 2528 2009

November 4 2529 2009

November 4 2530 2009

November 4 2531 2009

November 4 2532 2009

November 4 2533 2009

November 4 2534 2009

November 4 2535 2009

November 4 2536 2009

November 4 2537 2009

November 4 2538 2009

November 4 2539 2009

November 4 2540 2009

November 4 2541 2009

November 4 2542 2009

November 4 2543 2009

November 4 2544 2009

November 4 2545 2009

November 4 2546 2009

November 4 2547 2009

November 4 2548 2009

November 10 2549 2009

November 10 2550 2009

November 10 2551 2009

November 10 2552 2009

November 10 2553 2009

November 10 2554 2009

November 10 2555 2009

November 10 2556 2009

November 10 2557 2009

November 10 2558 2009

November 10 2559 2009

November 10 2560 2009

November 10 2561 2009

November 10 2562 2009

November 10 2563 2009

November 10 2564 2009

November 10 2565 2009

November 10 2566 2009

November 10 2567 2009

November 10 2568 2009

November 10 2569 2009

November 10 2570 2009

November 10 2571 2009

November 10 2572 2009

November 10 2573 2009

November 10 2574 2009

November 10 2575 2009

November 10 2576 2009

November 10 2577 2009

November 10 2578 2009

November 10 2579 2009

November 10 2580 2009

November 10 2581 2009

November 10 2582 2009

November 10 2583 2009

November 10 2584 2009

November 10 2585 2009

November 10 2586 2009

November 10 2587 2009

November 10 2588 2009

November 10 2589 2009

November 10 2590 2009

November 10 2591 2009

November 10 2592 2009

November 10 2593 2009

November 10 2594 2009

November 10 2595 2009

November 10 2596 2009

November 10 2597 2009

November 10 2598 2009

November 10 2599 2009

November 10 2600 2009

November 10 2601 2009

November 10 2602 2009

November 10 2603 2009

November 10 2604 2009

November 10 2605 2009

November 10 2606 2009

November 10 2607 2009

November 10 2608 2009

November 13 2609 2009

November 13 2610 2009

November 17 2611 2009

November 17 2612 2009

November 17 2613 2009

November 17 2614 2009

November 17 2615 2009

November 17 2616 2009

November 17 2617 2009

November 17 2618 2009

November 17 2619 2009

November 17 2620 2009

November 17 2621 2009

November 17 2622 2009

November 17 2623 2009

November 17 2624 2009

November 17 2625 2009

November 17 2626 2009

November 17 2627 2009

November 17 2628 2009

November 17 2629 2009

November 17 2630 2009

November 17 2631 2009

November 17 2632 2009

November 17 2633 2009

November 17 2634 2009

November 17 2635 2009

November 17 2636 2009

November 17 2637 2009

November 17 2638 2009

November 17 2639 2009

November 17 2640 2009

November 17 2641 2009

November 17 2642 2009

November 17 2643 2009

November 17 2644 2009

November 17 2645 2009

November 17 2646 2009

November 17 2647 2009

November 17 2648 2009

November 17 2649 2009

November 17 2650 2009

November 17 2651 2009

November 17 2652 2009

November 17 2653 2009

November 17 2654 2009

November 17 2655 2009

November 17 2656 2009

November 20 2657 2009

November 20 2658 2009

November 20 2659 2009

November 20 2660 2009

November 20 2661 2009

November 20 2662 2009

November 20 2663 2009

November 20 2664 2009

November 20 2665 2009

November 20 2666 2009

November 20 2667 2009

November 20 2668 2009

November 20 2669 2009

November 20 2670 2009

November 20 2671 2009

November 20 2672 2009

November 20 2673 2009

November 20 2674 2009

November 20 2675 2009

November 20 2676 2009

November 20 2677 2009

November 20 2678 2009

November 20 2679 2009

November 20 2680 2009

November 20 2681 2009

November 20 2682 2009

November 20 2683 2009

November 20 2684 2009

November 20 2685 2009

November 20 2686 2009

November 20 2687 2009

November 20 2688 2009

November 20 2689 2009

November 20 2690 2009

November 20 2691 2009

November 20 2692 2009

November 20 2693 2009

November 20 2694 2009

November 20 2695 2009

November 20 2696 2009

November 20 2697 2009

November 20 2698 2009

November 20 2699 2009

November 20 2700 2009

November 20 2701 2009

November 20 2702 2009

November 20 2703 2009

November 20 2704 2009

November 20 2705 2009

November 20 2706 2009

November 20 2707 2009

November 20 2708 2009

November 20 2709 2009

November 20 2710 2009

November 20 2711 2009

November 20 2712 2009

November 20 2713 2009

November 20 2714 2009

November 20 2715 2009

November 20 2716 2009

November 20 2717 2009

November 20 2718 2009

November 20 2719 2009

November 20 2720 2009

November 20 2721 2009

November 20 2722 2009

November 20 2723 2009

November 20 2724 2009

November 20 2725 2009

November 20 2726 2009

November 20 2727 2009

November 20 2728 2009

November 20 2729 2009

November 20 2730 2009

November 20 2731 2009

November 20 2732 2009

November 20 2733 2009

November 20 2734 2009

November 20 2735 2009

November 20 2736 2009

November 20 2737 2009

November 20 2738 2009

November 20 2739 2009

November 20 2740 2009

November 20 2741 2009

November 20 2742 2009

November 20 2743 2009

November 20 2744 2009

November 20 2745 2009

November 20 2746 2009

November 20 2747 2009

November 20 2748 2009

November 20 2749 2009

November 20 2750 2009

November 20 2751 2009

November 20 2752 2009

November 20 2753 2009

November 20 2754 2009

November 20 2755 2009

November 20 2756 2009

November 20 2757 2009

November 20 2758 2009

November 20 2759 2009

November 20 2760 2009

November 20 2761 2009

November 20 2762 2009

November 20 2763 2009

November 20 2764 2009

November 20 2765 2009

November 20 2766 2009

November 20 2767 2009

November 20 2768 2009

November 20 2769 2009

November 20 2770 2009

November 20 2771 2009

November 20 2772 2009

November 20 2773 2009

November 20 2774 2009

November 20 2775 2009

November 20 2776 2009

November 20 2777 2009

November 20 2778 2009

November 20 2779 2009

November 20 2780 2009

November 20 2781 2009

November 20 2782 2009

November 20 2783 2009

November 20 2784 2009

November 20 2785 2009

November 20 2786 2009

November 20 2787 2009

November 20 2788 2009

November 20 2789 2009

November 20 2790 2009

November 20 2791 2009

November 20 2792 2009

November 20 2793 2009

November 20 2794 2009

November 20 2795 2009

November 20 2796 2009

